energy_difference: 8.8817841970012523e-16
source_norm_difference: 1.0798653637955624e-16
